==================================================
情感分析模型评估报告
==================================================

测试集准确率 (Accuracy): 0.8880

分类报告 (Classification Report):
              precision    recall  f1-score   support

     sadness     0.9467    0.9174    0.9318       581
    surprise     0.7353    0.7576    0.7463        66
        love     0.7214    0.6352    0.6756       159
         joy     0.8866    0.9453    0.9150       695
       anger     0.9400    0.8545    0.8952       275
        fear     0.8403    0.8929    0.8658       224

    accuracy                         0.8880      2000
   macro avg     0.8451    0.8338    0.8383      2000
weighted avg     0.8881    0.8880    0.8871      2000

混淆矩阵 (Confusion Matrix):
[[533,   0,   8,  20,  10,  10],
 [  1,  50,   0,   2,   0,  13],
 [  2,   1, 101,  52,   2,   1],
 [  7,   5,  23, 657,   1,   2],
 [ 12,   0,   8,   8, 235,  12],
 [  8,  12,   0,   2,   2, 200]]
